xLength=1.0
yLength=1.0
iMax=128
jMax=128
tEnd=10.0
deltaT=0.0
deltaX=0.0078125
deltaY=0.0078125
tau=0.5
deltaVec=1.4
iterMax=200
eps=0.001
omg=1.7
alpha=0.9
re=1000
gx=0.0
gy=0.0
ui=0.0
vi=0.0
pi=0.0